10
22
30
31
35
37
43
47
56
59
62
65
67
71
73
76
78
82
83
85
86
91
93
96
97
99
103
107
111
116
117
118
119
124
125
129
133
136
137
139
147
148
151
161
163
165
168
170
173
178
179
181
182
190
191
195
199
200
202
204
205
206
213
215
216
217
226
228
233
237
238
239
249
250
254
258
261
264
265
268
271
274
275
280
281
282
284
297
300
302
306
307
310
311
312
313
316
318
320
324
325
326
332
333
335
336
341
344
345
348
355
356
359
369
372
376
377
380
384
386
395
397
400
406
407
408
409
413
423
430
436
445
449
450
454
459
460
461
466
467
470
475
477
479
481
482
491
496